 0) [23, 1, 2, 11, 24, 22, 19, 6, 10, 7, 25, 20, 5, 8, 18, 12, 13, 14, 15, 16, 17, 21, 3, 4, 9]
 1) [23, 1, 2, 11, 24, 22, 19, 20, 25, 7, 10, 6, 5, 8, 18, 12, 13, 14, 15, 16, 17, 21, 3, 4, 9]
 2) [23, 1, 2, 11, 24, 22, 19, 20, 25, 7, 10, 6, 5, 4, 3, 21, 17, 16, 15, 14, 13, 12, 18, 8, 9]
 3) [23, 24, 11, 2, 1, 22, 19, 20, 25, 7, 10, 6, 5, 4, 3, 21, 17, 16, 15, 14, 13, 12, 18, 8, 9]
 4) [1, 2, 11, 24, 23, 22, 19, 20, 25, 7, 10, 6, 5, 4, 3, 21, 17, 16, 15, 14, 13, 12, 18, 8, 9]
 5) [1, 2, 11, 24, 23, 22, 19, 20, 25, 10, 7, 6, 5, 4, 3, 21, 17, 16, 15, 14, 13, 12, 18, 8, 9]
 6) [1, 2, 11, 10, 25, 20, 19, 22, 23, 24, 7, 6, 5, 4, 3, 21, 17, 16, 15, 14, 13, 12, 18, 8, 9]
 7) [1, 2, 11, 10, 9, 8, 18, 12, 13, 14, 15, 16, 17, 21, 3, 4, 5, 6, 7, 24, 23, 22, 19, 20, 25]
 8) [1, 2, 18, 8, 9, 10, 11, 12, 13, 14, 15, 16, 17, 21, 3, 4, 5, 6, 7, 24, 23, 22, 19, 20, 25]
 9) [1, 2, 18, 8, 9, 10, 11, 12, 13, 14, 15, 16, 17, 21, 22, 23, 24, 7, 6, 5, 4, 3, 19, 20, 25]
10) [1, 2, 3, 4, 5, 6, 7, 24, 23, 22, 21, 17, 16, 15, 14, 13, 12, 11, 10, 9, 8, 18, 19, 20, 25]
11) [1, 2, 3, 4, 5, 6, 7, 24, 23, 22, 21, 8, 9, 10, 11, 12, 13, 14, 15, 16, 17, 18, 19, 20, 25]
12) [1, 2, 3, 4, 5, 6, 7, 24, 23, 22, 21, 20, 19, 18, 17, 16, 15, 14, 13, 12, 11, 10, 9, 8, 25]
13) [1, 2, 3, 4, 5, 6, 7, 8, 9, 10, 11, 12, 13, 14, 15, 16, 17, 18, 19, 20, 21, 22, 23, 24, 25]
----------------------------------------
   Amount of generations: 13
Unique mutations checked: 41
              Time taken: 0.36 seconds