Time limit in seconds: 5
-----------------------------------------
Could not find goal within the time limit

   Amount of generations: -1
             Moved genes: 0
Unique mutations checked: 266
              Time taken: 5.00 seconds
-----------------------------------------
Could not find goal within the time limit

   Amount of generations: -1
             Moved genes: 0
Unique mutations checked: 265
              Time taken: 10.01 seconds
-----------------------------------------
Could not find goal within the time limit

   Amount of generations: -1
             Moved genes: 0
Unique mutations checked: 257
              Time taken: 15.02 seconds
-----------------------------------------
Could not find goal within the time limit

   Amount of generations: -1
             Moved genes: 0
Unique mutations checked: 262
              Time taken: 20.02 seconds
-----------------------------------------
Could not find goal within the time limit

   Amount of generations: -1
             Moved genes: 0
Unique mutations checked: 256
              Time taken: 25.03 seconds
-----------------------------------------
 0) [18, 23, 7, 10, 1, 20, 6, 4, 22, 14, 16, 21, 3, 19, 12, 9, 13, 5, 24, 25, 17, 2, 11, 8, 15]
 1) [18, 23, 7, 10, 1, 20, 6, 4, 22, 14, 16, 21, 3, 19, 9, 12, 13, 5, 24, 25, 17, 2, 11, 8, 15]
 2) [18, 23, 7, 10, 1, 20, 6, 4, 16, 14, 22, 21, 3, 19, 9, 12, 13, 5, 24, 25, 17, 2, 11, 8, 15]
 3) [18, 23, 20, 1, 10, 7, 6, 4, 16, 14, 22, 21, 3, 19, 9, 12, 13, 5, 24, 25, 17, 2, 11, 8, 15]
 4) [1, 20, 23, 18, 10, 7, 6, 4, 16, 14, 22, 21, 3, 19, 9, 12, 13, 5, 24, 25, 17, 2, 11, 8, 15]
 5) [1, 20, 23, 18, 19, 3, 21, 22, 14, 16, 4, 6, 7, 10, 9, 12, 13, 5, 24, 25, 17, 2, 11, 8, 15]
 6) [1, 20, 19, 18, 23, 3, 21, 22, 14, 16, 4, 6, 7, 10, 9, 12, 13, 5, 24, 25, 17, 2, 11, 8, 15]
 7) [1, 20, 19, 18, 23, 22, 21, 3, 14, 16, 4, 6, 7, 10, 9, 12, 13, 5, 24, 25, 17, 2, 11, 8, 15]
 8) [1, 20, 19, 18, 23, 22, 21, 3, 4, 16, 14, 6, 7, 10, 9, 12, 13, 5, 24, 25, 17, 2, 11, 8, 15]
 9) [1, 20, 19, 18, 23, 22, 21, 3, 4, 16, 14, 13, 12, 9, 10, 7, 6, 5, 24, 25, 17, 2, 11, 8, 15]
10) [1, 20, 19, 18, 23, 22, 21, 3, 4, 16, 14, 13, 12, 9, 10, 11, 2, 17, 25, 24, 5, 6, 7, 8, 15]
11) [1, 20, 19, 18, 23, 22, 21, 3, 4, 16, 14, 13, 12, 11, 10, 9, 2, 17, 25, 24, 5, 6, 7, 8, 15]
12) [1, 20, 19, 18, 23, 22, 21, 4, 3, 16, 14, 13, 12, 11, 10, 9, 2, 17, 25, 24, 5, 6, 7, 8, 15]
13) [1, 20, 19, 18, 23, 22, 21, 4, 3, 2, 9, 10, 11, 12, 13, 14, 16, 17, 25, 24, 5, 6, 7, 8, 15]
14) [1, 20, 19, 18, 23, 22, 21, 4, 3, 2, 9, 10, 11, 12, 13, 14, 17, 16, 25, 24, 5, 6, 7, 8, 15]
15) [1, 20, 19, 18, 23, 22, 21, 4, 3, 2, 9, 10, 11, 12, 13, 14, 17, 16, 15, 8, 7, 6, 5, 24, 25]
16) [1, 20, 19, 18, 23, 22, 21, 4, 3, 2, 9, 10, 11, 12, 13, 14, 15, 16, 17, 8, 7, 6, 5, 24, 25]
17) [1, 18, 19, 20, 23, 22, 21, 4, 3, 2, 9, 10, 11, 12, 13, 14, 15, 16, 17, 8, 7, 6, 5, 24, 25]
18) [1, 18, 19, 20, 21, 22, 23, 4, 3, 2, 9, 10, 11, 12, 13, 14, 15, 16, 17, 8, 7, 6, 5, 24, 25]
19) [1, 2, 3, 4, 23, 22, 21, 20, 19, 18, 9, 10, 11, 12, 13, 14, 15, 16, 17, 8, 7, 6, 5, 24, 25]
20) [1, 2, 3, 4, 23, 22, 21, 20, 19, 18, 17, 16, 15, 14, 13, 12, 11, 10, 9, 8, 7, 6, 5, 24, 25]
21) [1, 2, 3, 4, 5, 6, 7, 8, 9, 10, 11, 12, 13, 14, 15, 16, 17, 18, 19, 20, 21, 22, 23, 24, 25]

   Amount of generations: 21
             Moved genes: 114
Unique mutations checked: 61
              Time taken: 26.09 seconds
-----------------------------------------
 0) [23, 3, 15, 14, 10, 18, 20, 16, 1, 21, 24, 5, 22, 17, 4, 13, 11, 6, 7, 8, 19, 12, 2, 25, 9]
 1) [23, 3, 15, 14, 10, 18, 20, 16, 1, 21, 24, 5, 22, 17, 4, 13, 11, 6, 7, 8, 19, 12, 2, 9, 25]
 2) [23, 3, 15, 14, 10, 18, 1, 16, 20, 21, 24, 5, 22, 17, 4, 13, 11, 6, 7, 8, 19, 12, 2, 9, 25]
 3) [23, 3, 15, 14, 10, 18, 1, 16, 20, 21, 22, 5, 24, 17, 4, 13, 11, 6, 7, 8, 19, 12, 2, 9, 25]
 4) [23, 3, 15, 14, 10, 18, 1, 16, 20, 21, 22, 17, 24, 5, 4, 13, 11, 6, 7, 8, 19, 12, 2, 9, 25]
 5) [23, 3, 15, 14, 10, 18, 1, 22, 21, 20, 16, 17, 24, 5, 4, 13, 11, 6, 7, 8, 19, 12, 2, 9, 25]
 6) [1, 18, 10, 14, 15, 3, 23, 22, 21, 20, 16, 17, 24, 5, 4, 13, 11, 6, 7, 8, 19, 12, 2, 9, 25]
 7) [1, 18, 10, 14, 15, 3, 23, 22, 21, 20, 16, 17, 24, 5, 4, 13, 11, 12, 19, 8, 7, 6, 2, 9, 25]
 8) [1, 18, 10, 14, 15, 3, 23, 22, 21, 20, 16, 17, 24, 5, 4, 13, 12, 11, 19, 8, 7, 6, 2, 9, 25]
 9) [1, 18, 10, 14, 15, 3, 23, 22, 21, 20, 16, 17, 24, 5, 4, 13, 12, 11, 19, 2, 6, 7, 8, 9, 25]
10) [1, 18, 10, 14, 15, 3, 17, 16, 20, 21, 22, 23, 24, 5, 4, 13, 12, 11, 19, 2, 6, 7, 8, 9, 25]
11) [1, 18, 10, 14, 15, 16, 17, 3, 20, 21, 22, 23, 24, 5, 4, 13, 12, 11, 19, 2, 6, 7, 8, 9, 25]
12) [1, 18, 10, 14, 15, 16, 17, 3, 20, 21, 22, 23, 24, 2, 19, 11, 12, 13, 4, 5, 6, 7, 8, 9, 25]
13) [1, 18, 10, 14, 15, 16, 17, 3, 2, 24, 23, 22, 21, 20, 19, 11, 12, 13, 4, 5, 6, 7, 8, 9, 25]
14) [1, 18, 19, 20, 21, 22, 23, 24, 2, 3, 17, 16, 15, 14, 10, 11, 12, 13, 4, 5, 6, 7, 8, 9, 25]
15) [1, 18, 19, 20, 21, 22, 23, 24, 2, 3, 17, 16, 15, 14, 13, 12, 11, 10, 4, 5, 6, 7, 8, 9, 25]
16) [1, 18, 19, 20, 21, 22, 23, 24, 3, 2, 17, 16, 15, 14, 13, 12, 11, 10, 4, 5, 6, 7, 8, 9, 25]
17) [1, 2, 3, 24, 23, 22, 21, 20, 19, 18, 17, 16, 15, 14, 13, 12, 11, 10, 4, 5, 6, 7, 8, 9, 25]
18) [1, 2, 3, 24, 23, 22, 21, 20, 19, 18, 17, 16, 15, 14, 13, 12, 11, 10, 9, 8, 7, 6, 5, 4, 25]
19) [1, 2, 3, 4, 5, 6, 7, 8, 9, 10, 11, 12, 13, 14, 15, 16, 17, 18, 19, 20, 21, 22, 23, 24, 25]

   Amount of generations: 19
             Moved genes: 110
Unique mutations checked: 221
              Time taken: 30.08 seconds
-----------------------------------------
Could not find goal within the time limit

   Amount of generations: -1
             Moved genes: 0
Unique mutations checked: 267
              Time taken: 35.21 seconds
-----------------------------------------
Could not find goal within the time limit

   Amount of generations: -1
             Moved genes: 0
Unique mutations checked: 268
              Time taken: 40.22 seconds
-----------------------------------------
Could not find goal within the time limit

   Amount of generations: -1
             Moved genes: 0
Unique mutations checked: 259
              Time taken: 45.23 seconds


Completed genomes: 2

Amount of generations:
 Max: 21
 Min: 19
Mean: 20.0

Amount of moved genes:
 Max: 114
 Min: 110
Mean: 112.0

Time taken (in seconds):
 Max: 3.99
 Min: 1.06
Mean: 2.53

Unique mutations checked:
 Max: 221
 Min: 61
Mean: 141.0

List of amount of generations:
[21, 19]
List of amount of moved genes:
[114, 110]
List of time taken:
[1.06, 3.99]
List of amount of unique mutations checked:
[61, 221]