0) [11, 22, 5, 20, 3, 2, 1, 8, 25, 6, 10, 24, 14, 4, 15, 16, 21, 12, 18, 17, 19, 13, 23, 9, 7]
1) [11, 22, 5, 20, 3, 2, 1, 8, 7, 9, 23, 13, 19, 17, 18, 12, 21, 16, 15, 4, 14, 24, 10, 6, 25]
2) [11, 12, 18, 17, 19, 13, 23, 9, 7, 8, 1, 2, 3, 20, 5, 22, 21, 16, 15, 4, 14, 24, 10, 6, 25]
3) [11, 12, 18, 17, 19, 13, 14, 4, 15, 16, 21, 22, 5, 20, 3, 2, 1, 8, 7, 9, 23, 24, 10, 6, 25]
4) [11, 12, 18, 17, 19, 13, 14, 4, 15, 16, 21, 22, 5, 20, 3, 2, 1, 8, 7, 24, 23, 9, 10, 6, 25]
5) [11, 12, 18, 17, 19, 13, 14, 4, 15, 16, 21, 22, 5, 20, 3, 2, 1, 8, 7, 6, 10, 9, 23, 24, 25]
6) [11, 12, 18, 17, 16, 15, 4, 14, 13, 19, 21, 22, 5, 20, 3, 2, 1, 8, 7, 6, 10, 9, 23, 24, 25]
7) [11, 12, 13, 14, 4, 15, 16, 17, 18, 19, 21, 22, 5, 20, 3, 2, 1, 8, 7, 6, 10, 9, 23, 24, 25]
8) [11, 12, 13, 14, 4, 15, 16, 17, 18, 19, 5, 22, 21, 20, 3, 2, 1, 8, 7, 6, 10, 9, 23, 24, 25]
9) [11, 12, 13, 14, 4, 15, 16, 17, 18, 19, 20, 21, 22, 5, 3, 2, 1, 8, 7, 6, 10, 9, 23, 24, 25]
10) [11, 12, 13, 14, 4, 5, 22, 21, 20, 19, 18, 17, 16, 15, 3, 2, 1, 8, 7, 6, 10, 9, 23, 24, 25]
11) [11, 12, 13, 14, 15, 16, 17, 18, 19, 20, 21, 22, 5, 4, 3, 2, 1, 8, 7, 6, 10, 9, 23, 24, 25]
12) [1, 2, 3, 4, 5, 22, 21, 20, 19, 18, 17, 16, 15, 14, 13, 12, 11, 8, 7, 6, 10, 9, 23, 24, 25]
13) [1, 2, 3, 4, 5, 22, 21, 20, 19, 18, 17, 16, 15, 14, 13, 12, 11, 10, 6, 7, 8, 9, 23, 24, 25]
14) [1, 2, 3, 4, 5, 22, 21, 20, 19, 18, 17, 16, 15, 14, 13, 12, 11, 10, 9, 8, 7, 6, 23, 24, 25]
15) [1, 2, 3, 4, 5, 6, 7, 8, 9, 10, 11, 12, 13, 14, 15, 16, 17, 18, 19, 20, 21, 22, 23, 24, 25]
----------------------------------------
   Amount of generations: 15
Unique mutations checked: 99
              Time taken: 1.12 seconds
   Time limit in seconds: 5

0) [14, 22, 18, 5, 13, 17, 6, 3, 20, 4, 23, 15, 8, 11, 7, 24, 10, 19, 25, 21, 12, 1, 16, 9, 2]
1) [14, 22, 18, 17, 13, 5, 6, 3, 20, 4, 23, 15, 8, 11, 7, 24, 10, 19, 25, 21, 12, 1, 16, 9, 2]
2) [14, 22, 18, 17, 13, 5, 6, 3, 20, 4, 23, 15, 16, 1, 12, 21, 25, 19, 10, 24, 7, 11, 8, 9, 2]
3) [17, 18, 22, 14, 13, 5, 6, 3, 20, 4, 23, 15, 16, 1, 12, 21, 25, 19, 10, 24, 7, 11, 8, 9, 2]
4) [17, 18, 22, 23, 4, 20, 3, 6, 5, 13, 14, 15, 16, 1, 12, 21, 25, 19, 10, 24, 7, 11, 8, 9, 2]
5) [17, 18, 22, 23, 4, 20, 3, 6, 5, 1, 16, 15, 14, 13, 12, 21, 25, 19, 10, 24, 7, 11, 8, 9, 2]
6) [1, 5, 6, 3, 20, 4, 23, 22, 18, 17, 16, 15, 14, 13, 12, 21, 25, 19, 10, 24, 7, 11, 8, 9, 2]
7) [1, 5, 6, 3, 25, 21, 12, 13, 14, 15, 16, 17, 18, 22, 23, 4, 20, 19, 10, 24, 7, 11, 8, 9, 2]
8) [1, 5, 6, 3, 2, 9, 8, 11, 7, 24, 10, 19, 20, 4, 23, 22, 18, 17, 16, 15, 14, 13, 12, 21, 25]
9) [1, 5, 6, 3, 2, 9, 8, 11, 7, 4, 20, 19, 10, 24, 23, 22, 18, 17, 16, 15, 14, 13, 12, 21, 25]
10) [1, 5, 6, 7, 11, 8, 9, 2, 3, 4, 20, 19, 10, 24, 23, 22, 18, 17, 16, 15, 14, 13, 12, 21, 25]
11) [1, 5, 6, 7, 11, 8, 9, 10, 19, 20, 4, 3, 2, 24, 23, 22, 18, 17, 16, 15, 14, 13, 12, 21, 25]
12) [1, 20, 19, 10, 9, 8, 11, 7, 6, 5, 4, 3, 2, 24, 23, 22, 18, 17, 16, 15, 14, 13, 12, 21, 25]
13) [1, 20, 19, 10, 9, 8, 11, 7, 6, 5, 4, 3, 2, 21, 12, 13, 14, 15, 16, 17, 18, 22, 23, 24, 25]
14) [1, 2, 3, 4, 5, 6, 7, 11, 8, 9, 10, 19, 20, 21, 12, 13, 14, 15, 16, 17, 18, 22, 23, 24, 25]
15) [1, 2, 3, 4, 5, 6, 7, 11, 10, 9, 8, 19, 20, 21, 12, 13, 14, 15, 16, 17, 18, 22, 23, 24, 25]
16) [1, 2, 3, 4, 5, 6, 7, 21, 20, 19, 8, 9, 10, 11, 12, 13, 14, 15, 16, 17, 18, 22, 23, 24, 25]
17) [1, 2, 3, 4, 5, 6, 7, 21, 20, 19, 18, 17, 16, 15, 14, 13, 12, 11, 10, 9, 8, 22, 23, 24, 25]
18) [1, 2, 3, 4, 5, 6, 7, 8, 9, 10, 11, 12, 13, 14, 15, 16, 17, 18, 19, 20, 21, 22, 23, 24, 25]
----------------------------------------
   Amount of generations: 18
Unique mutations checked: 129
              Time taken: 2.59 seconds
   Time limit in seconds: 5

0) [23, 15, 9, 14, 7, 8, 5, 25, 6, 20, 12, 22, 3, 24, 19, 21, 18, 2, 17, 16, 4, 10, 1, 11, 13]
1) [23, 15, 9, 14, 7, 8, 5, 6, 25, 20, 12, 22, 3, 24, 19, 21, 18, 2, 17, 16, 4, 10, 1, 11, 13]
2) [23, 15, 9, 14, 7, 8, 5, 6, 25, 24, 3, 22, 12, 20, 19, 21, 18, 2, 17, 16, 4, 10, 1, 11, 13]
3) [23, 24, 25, 6, 5, 8, 7, 14, 9, 15, 3, 22, 12, 20, 19, 21, 18, 2, 17, 16, 4, 10, 1, 11, 13]
4) [23, 24, 25, 6, 5, 8, 7, 14, 9, 15, 16